Reading map data...
Reading reduce data...
Processing map data...
Processing reduce data...
300541029888.0
1.60758120479696e+18, 0
1.607581205097501e+18, 0
1.6075812053980419e+18, 0
1.6075812056985828e+18, 0
1.6075812059991237e+18, 0
1.6075812062996646e+18, 0
1.6075812066002056e+18, 0
1.6075812069007465e+18, 0
1.6075812072012874e+18, 0
1.6075812075018284e+18, 0
1.6075812078023693e+18, 0
1.6075812081029102e+18, 0
1.6075812084034511e+18, 0
1.607581208703992e+18, 0
1.607581209004533e+18, 0
1.607581209305074e+18, 0
1.6075812096056148e+18, 0
1.6075812099061558e+18, 0
1.6075812102066967e+18, 0
1.6075812105072376e+18, 0
1.6075812108077786e+18, 0
1.6075812111083195e+18, 0
1.6075812114088604e+18, 0
1.6075812117094013e+18, 0
1.6075812120099423e+18, 0
1.6075812123104832e+18, 0
1.6075812126110241e+18, 0
1.607581212911565e+18, 0
1.607581213212106e+18, 0
1.607581213512647e+18, 0
1.6075812138131878e+18, 0
1.6075812141137288e+18, 0
1.6075812144142697e+18, 0
1.6075812147148106e+18, 0
1.6075812150153516e+18, 0
1.6075812153158925e+18, 0
1.6075812156164334e+18, 0
1.6075812159169743e+18, 0
1.6075812162175153e+18, 0
1.6075812165180562e+18, 0
1.607581216818597e+18, 0
1.607581217119138e+18, 0
1.607581217419679e+18, 0
1.60758121772022e+18, 0
1.6075812180207608e+18, 0
1.6075812183213018e+18, 0
1.6075812186218427e+18, 0
1.6075812189223836e+18, 0
1.6075812192229245e+18, 0
1.6075812195234655e+18, 0
1.6075812198240064e+18, 0
1.6075812201245473e+18, 0
1.6075812204250883e+18, 0
1.6075812207256292e+18, 0
1.60758122102617e+18, 0
1.607581221326711e+18, 0
1.607581221627252e+18, 0
1.607581221927793e+18, 0
1.6075812222283338e+18, 0
1.6075812225288748e+18, 0
1.6075812228294157e+18, 0
1.6075812231299566e+18, 0
1.6075812234304975e+18, 0
1.6075812237310385e+18, 0
1.6075812240315794e+18, 0
1.6075812243321203e+18, 0
1.6075812246326612e+18, 0
1.6075812249332022e+18, 0
1.607581225233743e+18, 0
1.607581225534284e+18, 0
1.607581225834825e+18, 0
1.607581226135366e+18, 0
1.6075812264359068e+18, 0
1.6075812267364477e+18, 0
1.6075812270369887e+18, 0
1.6075812273375296e+18, 0
1.6075812276380705e+18, 0
1.6075812279386115e+18, 0
1.6075812282391524e+18, 0
1.6075812285396933e+18, 0
1.6075812288402342e+18, 0
1.6075812291407752e+18, 0
1.607581229441316e+18, 0
1.607581229741857e+18, 0
1.607581230042398e+18, 0
1.607581230342939e+18, 0
1.6075812306434798e+18, 0
1.6075812309440207e+18, 0
1.6075812312445617e+18, 0
1.6075812315451026e+18, 0
1.6075812318456435e+18, 0
1.6075812321461844e+18, 0
1.6075812324467254e+18, 0
1.6075812327472663e+18, 0
1.6075812330478072e+18, 0
1.6075812333483482e+18, 0
1.607581233648889e+18, 0
1.60758123394943e+18, 0
1.607581234249971e+18, 0
1.6075812345505119e+18, 0
1.6075812348510528e+18, 0
1.6075812351515937e+18, 0
1.6075812354521347e+18, 0
1.6075812357526756e+18, 0
1.6075812360532165e+18, 0
1.6075812363537574e+18, 0
1.6075812366542984e+18, 0
1.6075812369548393e+18, 0
1.6075812372553802e+18, 0
1.6075812375559212e+18, 0
1.607581237856462e+18, 0
1.607581238157003e+18, 0
1.607581238457544e+18, 0
1.6075812387580849e+18, 0
1.6075812390586258e+18, 0
1.6075812393591667e+18, 0
1.6075812396597076e+18, 0
1.6075812399602486e+18, 0
1.6075812402607895e+18, 0
1.6075812405613304e+18, 16000000000.0
1.6075812408618714e+18, 15000000000.0
1.6075812411624123e+18, 15000000000.0
1.6075812414629532e+18, 14000000000.0
1.6075812417634941e+18, 14000000000.0
1.607581242064035e+18, 13000000000.0
1.607581242364576e+18, 13000000000.0
1.607581242665117e+18, 12000000000.0
1.6075812429656579e+18, 12000000000.0
1.6075812432661988e+18, 12000000000.0
1.6075812435667397e+18, 11000000000.0
1.6075812438672806e+18, 11000000000.0
1.6075812441678216e+18, 11000000000.0
1.6075812444683625e+18, 11000000000.0
1.6075812447689034e+18, 10000000000.0
1.6075812450694444e+18, 10000000000.0
1.6075812453699853e+18, 10000000000.0
1.6075812456705262e+18, 8000000000.0
1.6075812459710671e+18, 8000000000.0
1.607581246271608e+18, 8000000000.0
1.607581246572149e+18, 7000000000.0
1.60758124687269e+18, 6000000000.0
1.6075812471732308e+18, 4000000000.0
1.6075812474737718e+18, 2000000000.0
1.6075812477743127e+18, 0
1.6075812480748536e+18, 0
1.6075812483753946e+18, 0
1.6075812486759355e+18, 0
1.6075812489764764e+18, 0
1.6075812492770173e+18, 0
1.6075812495775583e+18, 0
1.6075812498780992e+18, 0
1.6075812501786401e+18, 0
1.607581250479181e+18, 0
1.607581250779722e+18, 0
1.607581251080263e+18, 0
1.6075812513808038e+18, 0
1.6075812516813448e+18, 0
1.6075812519818857e+18, 0
1.6075812522824266e+18, 0
1.6075812525829676e+18, 0
1.6075812528835085e+18, 0
1.6075812531840494e+18, 0
1.6075812534845903e+18, 0
1.6075812537851313e+18, 0
1.6075812540856722e+18, 0
1.607581254386213e+18, 0
1.607581254686754e+18, 0
1.607581254987295e+18, 0
1.607581255287836e+18, 0
1.6075812555883768e+18, 0
1.6075812558889178e+18, 0
1.6075812561894587e+18, 0
1.6075812564899996e+18, 0
1.6075812567905405e+18, 0
1.6075812570910815e+18, 0
1.6075812573916224e+18, 0
1.6075812576921633e+18, 0
1.6075812579927043e+18, 0
1.6075812582932452e+18, 0
1.607581258593786e+18, 0
1.607581258894327e+18, 0
1.607581259194868e+18, 0
1.607581259495409e+18, 0
1.6075812597959498e+18, 0
1.6075812600964908e+18, 0
1.6075812603970317e+18, 0
1.6075812606975726e+18, 0
1.6075812609981135e+18, 0
1.6075812612986545e+18, 0
1.6075812615991954e+18, 0
1.6075812618997363e+18, 0
1.6075812622002772e+18, 0
1.6075812625008182e+18, 0
1.607581262801359e+18, 0
1.6075812631019e+18, 0
1.607581263402441e+18, 0
1.607581263702982e+18, 0
1.6075812640035228e+18, 0
1.6075812643040637e+18, 0
1.6075812646046047e+18, 0
1.6075812649051456e+18, 0
1.6075812652056865e+18, 0
1.6075812655062275e+18, 0
1.6075812658067684e+18, 0
1.6075812661073093e+18, 0
1.6075812664078502e+18, 0
1.6075812667083912e+18, 0
1.607581267008932e+18, 0
1.607581267309473e+18, 0
1.607581267610014e+18, 0
1.607581267910555e+18, 0
1.6075812682110958e+18, 0
1.6075812685116367e+18, 0
1.6075812688121777e+18, 0
1.6075812691127186e+18, 0
1.6075812694132595e+18, 0
1.6075812697138004e+18, 0
1.6075812700143414e+18, 0
1.6075812703148823e+18, 0
1.6075812706154232e+18, 0
1.6075812709159642e+18, 0
1.607581271216505e+18, 0
1.607581271517046e+18, 0
1.607581271817587e+18, 0
1.6075812721181279e+18, 0
1.6075812724186688e+18, 0
1.6075812727192097e+18, 0
1.6075812730197507e+18, 0
1.6075812733202916e+18, 0
1.6075812736208325e+18, 0
1.6075812739213734e+18, 0
1.6075812742219144e+18, 0
1.6075812745224553e+18, 0
1.6075812748229962e+18, 0
1.6075812751235372e+18, 0
1.607581275424078e+18, 0
1.607581275724619e+18, 0
1.60758127602516e+18, 0
1.6075812763257009e+18, 0
1.6075812766262418e+18, 0
1.6075812769267827e+18, 0
1.6075812772273236e+18, 0
1.6075812775278646e+18, 0
1.6075812778284055e+18, 0
1.6075812781289464e+18, 0
1.6075812784294874e+18, 0
1.6075812787300283e+18, 0
1.6075812790305692e+18, 0
1.6075812793311101e+18, 0
1.607581279631651e+18, 0
1.607581279932192e+18, 0
1.607581280232733e+18, 0
1.6075812805332739e+18, 0
1.6075812808338148e+18, 0
1.6075812811343557e+18, 0
1.6075812814348966e+18, 0
1.6075812817354376e+18, 0
1.6075812820359785e+18, 0
1.6075812823365194e+18, 0
1.6075812826370604e+18, 0
1.6075812829376013e+18, 0
1.6075812832381422e+18, 0
1.6075812835386831e+18, 0
1.607581283839224e+18, 0
1.607581284139765e+18, 0
1.607581284440306e+18, 0
1.6075812847408468e+18, 0
1.6075812850413878e+18, 0
1.6075812853419287e+18, 0
1.6075812856424696e+18, 0
1.6075812859430106e+18, 0
1.6075812862435515e+18, 0
1.6075812865440924e+18, 0
1.6075812868446333e+18, 0
1.6075812871451743e+18, 0
1.6075812874457152e+18, 0
1.6075812877462561e+18, 0
1.607581288046797e+18, 0
1.607581288347338e+18, 0
1.607581288647879e+18, 0
1.6075812889484198e+18, 0
1.6075812892489608e+18, 0
1.6075812895495017e+18, 0
1.6075812898500426e+18, 0
1.6075812901505836e+18, 0
1.6075812904511245e+18, 0
1.6075812907516654e+18, 0
1.6075812910522063e+18, 0
1.6075812913527473e+18, 0
1.6075812916532882e+18, 0
1.607581291953829e+18, 0
1.60758129225437e+18, 0
1.607581292554911e+18, 0
1.607581292855452e+18, 0
1.6075812931559928e+18, 0
1.6075812934565338e+18, 0
1.6075812937570747e+18, 0
1.6075812940576156e+18, 0
1.6075812943581565e+18, 0
1.6075812946586975e+18, 0
1.6075812949592384e+18, 0
1.6075812952597793e+18, 0
1.6075812955603203e+18, 0
1.6075812958608612e+18, 0
1.607581296161402e+18, 0
1.607581296461943e+18, 0
1.607581296762484e+18, 0
1.607581297063025e+18, 0
1.6075812973635658e+18, 0
1.6075812976641068e+18, 0
1.6075812979646477e+18, 0
1.6075812982651886e+18, 0
1.6075812985657295e+18, 0
1.6075812988662705e+18, 0
1.6075812991668114e+18, 0
1.6075812994673523e+18, 0
1.6075812997678932e+18, 0
1.6075813000684342e+18, 0
1.607581300368975e+18, 0
1.607581300669516e+18, 0
1.607581300970057e+18, 0
1.607581301270598e+18, 0
1.6075813015711388e+18, 0
1.6075813018716797e+18, 0
1.6075813021722207e+18, 0
1.6075813024727616e+18, 0
1.6075813027733025e+18, 0
1.6075813030738435e+18, 0
1.6075813033743844e+18, 0
1.6075813036749253e+18, 0
1.6075813039754662e+18, 0
1.6075813042760072e+18, 0
1.607581304576548e+18, 0
1.607581304877089e+18, 90510002.0
1.60758130517763e+18, 40233410.0
1.607581305478171e+18, 0
1.6075813057787118e+18, 109241414.0
1.6075813060792527e+18, 33905750.0
1.6075813063797937e+18, 61673549.0
1.6075813066803346e+18, 40062099.0
1.6075813069808755e+18, 110691683.0
1.6075813072814164e+18, 144310519.0
1.6075813075819574e+18, 128194513.0
1.6075813078824983e+18, 245627506.0
1.6075813081830392e+18, 97930030.0
1.6075813084835802e+18, 20723308.0
1.607581308784121e+18, 47707387.0
1.607581309084662e+18, 131204677.0
1.607581309385203e+18, 42633206.0
1.6075813096857439e+18, 41497093.0
1.6075813099862848e+18, 51201577.0
1.6075813102868257e+18, 135834725.0
1.6075813105873667e+18, 122878533.0
1.6075813108879076e+18, 49097060.0
1.6075813111884485e+18, 70368140.0
1.6075813114889894e+18, 99111149.0
1.6075813117895304e+18, 33866311.0
1.6075813120900713e+18, 15931787.0
1.6075813123906122e+18, 56733340.0
1.6075813126911532e+18, 71808186.0
1.607581312991694e+18, 100075572.0
1.607581313292235e+18, 57665097.0
1.607581313592776e+18, 23967451.0
1.6075813138933169e+18, 75309610.0
1.6075813141938578e+18, 43792206.0
1.6075813144943987e+18, 0
1.6075813147949396e+18, 49085585.0
1.6075813150954806e+18, 68978127.0
1.6075813153960215e+18, 8749226.0
1.6075813156965624e+18, 0
1.6075813159971034e+18, 33938801.0
1.6075813162976443e+18, 0
1.6075813165981852e+18, 16247045.0
1.6075813168987261e+18, 15115650.0
1.607581317199267e+18, 0
1.607581317499808e+18, 35131225.0
1.607581317800349e+18, 0
1.6075813181008899e+18, 0
1.6075813184014308e+18, 78939895.0
1.6075813187019717e+18, 123443988.0
1.6075813190025126e+18, 54011332.0
1.6075813193030536e+18, 43996648.0
1.6075813196035945e+18, 27230816.0
1.6075813199041354e+18, 8783396.0
1.6075813202046764e+18, 41372617.0
1.6075813205052173e+18, 7542459.0
1.6075813208057582e+18, 0
1.6075813211062991e+18, 0
1.60758132140684e+18, 0
1.607581321707381e+18, 48069746.0
1.607581322007922e+18, 74209909.0
1.6075813223084628e+18, 33845260.0
1.6075813226090038e+18, 113283728.0
1.6075813229095447e+18, 81413576.0
1.6075813232100856e+18, 69192931.0
1.6075813235106266e+18, 69181217.0
1.6075813238111675e+18, 33987645.0
1.6075813241117084e+18, 0
1.6075813244122493e+18, 234915535.0
1.6075813247127903e+18, 0
1.6075813250133312e+18, 35202512.0
1.6075813253138721e+18, 33959185.0
1.607581325614413e+18, 241439481.0
1.607581325914954e+18, 0
1.607581326215495e+18, 7513848.0
1.6075813265160358e+18, 33904737.0
1.6075813268165768e+18, 35179200.0
1.6075813271171177e+18, 69017695.0
1.6075813274176586e+18, 395282837.0
1.6075813277181996e+18, 584909481.0
1.6075813280187405e+18, 270173463.0
1.6075813283192814e+18, 0
1.6075813286198223e+18, 33939338.0
1.6075813289203633e+18, 526546061.0
1.6075813292209042e+18, 521460400.0
1.607581329521445e+18, 35171466.0
1.607581329821986e+18, 69203332.0
1.607581330122527e+18, 75501735.0
1.607581330423068e+18, 6367284.0
1.6075813307236088e+18, 0
1.6075813310241498e+18, 7515539.0
1.6075813313246907e+18, 41526804.0
1.6075813316252316e+18, 0
1.6075813319257725e+18, 0
1.6075813322263135e+18, 35224835.0
1.6075813325268544e+18, 359140197.0
1.6075813328273953e+18, 385644698.0
1.6075813331279363e+18, 209678593.0
1.6075813334284772e+18, 40273271.0
1.607581333729018e+18, 0
1.607581334029559e+18, 23442738.0
1.6075813343301e+18, 0
1.607581334630641e+18, 243720686.0
1.6075813349311818e+18, 285811835.0
1.6075813352317228e+18, 558012984.0
1.6075813355322637e+18, 530943269.0
1.6075813358328046e+18, 286014592.0
1.6075813361333455e+18, 298608406.0
1.6075813364338865e+18, 81769095.0
1.6075813367344274e+18, 33996737.0
1.6075813370349683e+18, 47782678.0
1.6075813373355092e+18, 13838317.0
1.6075813376360502e+18, 77776928.0
1.607581337936591e+18, 53720500.0
1.607581338237132e+18, 70192325.0
1.607581338537673e+18, 191012215.0
1.607581338838214e+18, 41384446.0
1.6075813391387548e+18, 35084643.0
1.6075813394392957e+18, 48921983.0
1.6075813397398367e+18, 42504428.0
1.6075813400403776e+18, 285419912.0
1.6075813403409185e+18, 112855530.0
1.6075813406414595e+18, 265899805.0
1.6075813409420004e+18, 15183939.0
1.6075813412425413e+18, 0
1.6075813415430822e+18, 7584970.0
1.6075813418436232e+18, 302612378.0
1.607581342144164e+18, 771659573.0
1.607581342444705e+18, 302261740.0
1.607581342745246e+18, 293014279.0
1.607581343045787e+18, 299377518.0
1.6075813433463278e+18, 0
1.6075813436468687e+18, 44651115.0
1.6075813439474097e+18, 95711342.0
1.6075813442479506e+18, 76819467.0
1.6075813445484915e+18, 81628204.0
1.6075813448490324e+18, 87385688.0
1.6075813451495734e+18, 56374947.0
1.6075813454501143e+18, 45077352.0
1.6075813457506552e+18, 35220480.0
1.6075813460511962e+18, 33929299.0
1.607581346351737e+18, 51303755.0
1.607581346652278e+18, 35097212.0
1.607581346952819e+18, 56550792.0
1.6075813472533599e+18, 305000984.0
1.6075813475539008e+18, 76693832.0
1.6075813478544417e+18, 35185088.0
1.6075813481549827e+18, 122258027.0
1.6075813484555236e+18, 87208841.0
1.6075813487560645e+18, 78106270.0
1.6075813490566054e+18, 40323950.0
1.6075813493571464e+18, 69058703.0
1.6075813496576873e+18, 41534728.0
1.6075813499582282e+18, 43192734.0
1.6075813502587692e+18, 0
1.60758135055931e+18, 305666880.0
1.607581350859851e+18, 6251998.0
1.607581351160392e+18, 36344878.0
1.6075813514609329e+18, 36001800.0
1.6075813517614738e+18, 6245475.0
1.6075813520620147e+18, 36418903.0
1.6075813523625556e+18, 58818166.0
1.6075813526630966e+18, 0
1.6075813529636375e+18, 36396789.0
1.6075813532641784e+18, 36463481.0
1.6075813535647194e+18, 6283653.0
1.6075813538652603e+18, 0
1.6075813541658012e+18, 0
1.6075813544663421e+18, 0
1.607581354766883e+18, 271180547.0
1.607581355067424e+18, 7520003.0
1.607581355367965e+18, 0
1.6075813556685059e+18, 35095461.0
1.6075813559690468e+18, 106603150.0
1.6075813562695877e+18, 0
1.6075813565701286e+18, 0
1.6075813568706696e+18, 278490716.0
1.6075813571712105e+18, 270788276.0
1.6075813574717514e+18, 71587076.0
1.6075813577722924e+18, 287777036.0
1.6075813580728333e+18, 42637145.0
1.6075813583733742e+18, 253767987.0
1.6075813586739151e+18, 0
1.607581358974456e+18, 6305918.0
1.607581359274997e+18, 6302967.0
1.607581359575538e+18, 6293924.0
1.6075813598760788e+18, 79193023.0
1.6075813601766198e+18, 279478776.0
1.6075813604771607e+18, 0
1.6075813607777016e+18, 36360253.0
1.6075813610782426e+18, 0
1.6075813613787835e+18, 252008287.0
1.6075813616793244e+18, 35261430.0
1.6075813619798653e+18, 0
1.6075813622804063e+18, 15128258.0
1.6075813625809472e+18, 0
1.6075813628814881e+18, 0
1.607581363182029e+18, 0
1.60758136348257e+18, 293704251.0
1.607581363783111e+18, 6392807.0
1.6075813640836518e+18, 236081952.0
1.6075813643841928e+18, 279176850.0
1.6075813646847337e+18, 234498398.0
1.6075813649852746e+18, 42587804.0
1.6075813652858156e+18, 41405114.0
1.6075813655863565e+18, 545867841.0
1.6075813658868974e+18, 15054222.0
1.6075813661874383e+18, 292811986.0
1.6075813664879793e+18, 40235572.0
1.6075813667885202e+18, 95149947.0
1.607581367089061e+18, 84280946.0
1.607581367389602e+18, 7481144.0
1.607581367690143e+18, 40185347.0
1.607581367990684e+18, 274816087.0
1.6075813682912248e+18, 33893929.0
1.6075813685917658e+18, 8749999.0
1.6075813688923067e+18, 35068376.0
1.6075813691928476e+18, 71398627.0
1.6075813694933885e+18, 85250673.0
1.6075813697939295e+18, 288989224.0
1.6075813700944704e+18, 15130002.0
1.6075813703950113e+18, 0
1.6075813706955523e+18, 0
1.6075813709960932e+18, 252077774.0
1.607581371296634e+18, 35296151.0
1.607581371597175e+18, 42836564.0
1.607581371897716e+18, 6419632.0
1.607581372198257e+18, 0
1.6075813724987978e+18, 0
1.6075813727993388e+18, 0
1.6075813730998797e+18, 55278566.0
1.6075813734004206e+18, 6380720.0
1.6075813737009615e+18, 69144217.0
1.6075813740015025e+18, 0
1.6075813743020434e+18, 0
1.6075813746025843e+18, 40196599.0
1.6075813749031252e+18, 75675832.0
1.6075813752036662e+18, 35244800.0
1.607581375504207e+18, 49731302.0
1.607581375804748e+18, 79092003.0
1.607581376105289e+18, 50291358.0
1.60758137640583e+18, 71435037.0
1.6075813767063708e+18, 110827201.0
1.6075813770069117e+18, 36346145.0
1.6075813773074527e+18, 268764188.0
1.6075813776079936e+18, 0
1.6075813779085345e+18, 34103186.0
1.6075813782090755e+18, 21252862.0
1.6075813785096164e+18, 7568822.0
1.6075813788101573e+18, 7567740.0
1.6075813791106982e+18, 7538786.0
1.6075813794112392e+18, 35332209.0
1.60758137971178e+18, 0
1.607581380012321e+18, 35285066.0
1.607581380312862e+18, 70341105.0
1.607581380613403e+18, 71607403.0
1.6075813809139438e+18, 35331193.0
1.6075813812144847e+18, 76619186.0
1.6075813815150257e+18, 33889043.0
1.6075813818155666e+18, 0
1.6075813821161075e+18, 0
1.6075813824166484e+18, 0
1.6075813827171894e+18, 234841011.0
1.6075813830177303e+18, 0
1.6075813833182712e+18, 278778994.0
1.6075813836188122e+18, 0
1.607581383919353e+18, 0
1.607581384219894e+18, 35313173.0
1.607581384520435e+18, 327038686.0
1.6075813848209759e+18, 105698244.0
1.6075813851215168e+18, 33995522.0
1.6075813854220577e+18, 97919064.0
1.6075813857225987e+18, 36284973.0
1.6075813860231396e+18, 33911057.0
1.6075813863236805e+18, 0
1.6075813866242214e+18, 315603576.0
1.6075813869247624e+18, 36339685.0
1.6075813872253033e+18, 0
1.6075813875258442e+18, 0
1.6075813878263852e+18, 3438318.0
1.607581388126926e+18, 10915063.0
1.607581388427467e+18, 6250415.0
1.607581388728008e+18, 0
1.6075813890285489e+18, 15108473.0
1.6075813893290898e+18, 0
1.6075813896296307e+18, 0
1.6075813899301716e+18, 34021078.0
1.6075813902307126e+18, 339808175.0
1.6075813905312535e+18, 41543006.0
1.6075813908317944e+18, 6279854.0
1.6075813911323354e+18, 0
1.6075813914328763e+18, 0
1.6075813917334172e+18, 7474435.0
1.6075813920339581e+18, 0
1.607581392334499e+18, 0
1.60758139263504e+18, 6292329.0
1.607581392935581e+18, 0
1.6075813932361219e+18, 251967203.0
1.6075813935366628e+18, 740747601.0
1.6075813938372037e+18, 496572279.0
1.6075813941377446e+18, 0
1.6075813944382856e+18, 0
1.6075813947388265e+18, 7467551.0
1.6075813950393674e+18, 7493068.0
1.6075813953399084e+18, 0
1.6075813956404493e+18, 41328905.0
1.6075813959409902e+18, 278877252.0
1.6075813962415311e+18, 22683624.0
1.607581396542072e+18, 7490919.0
1.607581396842613e+18, 7545140.0
1.607581397143154e+18, 555831529.0
1.6075813974436948e+18, 512000000.0
1.6075813977442358e+18, 7539269.0
1.6075813980447767e+18, 35082397.0
1.6075813983453176e+18, 11200074.0
1.6075813986458586e+18, 547088061.0
1.6075813989463995e+18, 554650015.0
1.6075813992469404e+18, 35113822.0
1.6075813995474813e+18, 34047738.0
1.6075813998480223e+18, 456628582.0
1.6075814001485632e+18, 456628582.0
1.6075814004491041e+18, 4.0
1.607581400749645e+18, 0
1.607581401050186e+18, 16016055.0
1.607581401350727e+18, 0
1.6075814016512678e+18, 776080322.0
1.6075814019518088e+18, 1067852644.0
1.6075814022523497e+18, 1093174711.0
1.6075814025528906e+18, 35006653.0
1.6075814028534316e+18, 3669016.0
1.6075814031539725e+18, 519478765.0
1.6075814034545134e+18, 1024000000.0
1.6075814037550543e+18, 1031521138.0
1.6075814040555953e+18, 519521138.0
1.6075814043561362e+18, 754529236.0
1.607581404656677e+18, 502466465.0
1.607581404957218e+18, 769487818.0
1.607581405257759e+18, 795235385.0
1.6075814055583e+18, 499954673.0
1.6075814058588408e+18, 472291164.0
1.6075814061593818e+18, 479890261.0
1.6075814064599227e+18, 472330998.0
1.6075814067604636e+18, 469567468.0
1.6075814070610045e+18, 15606983.0
1.6075814073615455e+18, 15606983.0
1.6075814076620864e+18, 562874808.0
1.6075814079626273e+18, 535179200.0
1.6075814082631683e+18, 546097499.0
1.6075814085637092e+18, 756303792.0
1.60758140886425e+18, 244303792.0
1.607581409164791e+18, 244303792.0
1.607581409465332e+18, 512000000.0
1.607581409765873e+18, 512000000.0
1.6075814100664138e+18, 0
1.6075814103669548e+18, 547093802.0
1.6075814106674957e+18, 547013999.0
1.6075814109680366e+18, 500749762.0
1.6075814112685775e+18, 769664392.0
1.6075814115691185e+18, 36296897.0
1.6075814118696594e+18, 520822365.0
1.6075814121702003e+18, 789665096.0
1.6075814124707412e+18, 548331652.0
1.6075814127712822e+18, 512000000.0
1.607581413071823e+18, 35081400.0
1.607581413372364e+18, 35076737.0
1.607581413672905e+18, 0
1.607581413973446e+18, 468892727.0
1.6075814142739868e+18, 4.0
1.6075814145745277e+18, 512000000.0
1.6075814148750687e+18, 553616466.0
1.6075814151756096e+18, 34062048.0
1.6075814154761505e+18, 34033397.0
1.6075814157766915e+18, 0
1.6075814160772324e+18, 520769674.0
1.6075814163777733e+18, 765070474.0
1.6075814166783142e+18, 0
1.6075814169788552e+18, 0
1.607581417279396e+18, 0
1.607581417579937e+18, 475575544.0
1.607581417880478e+18, 475575544.0
1.607581418181019e+18, 0
1.6075814184815598e+18, 0
1.6075814187821007e+18, 0
1.6075814190826417e+18, 0
1.6075814193831826e+18, 0
1.6075814196837235e+18, 0
1.6075814199842644e+18, 512000000.0
1.6075814202848054e+18, 512000000.0
1.6075814205853463e+18, 512000000.0
1.6075814208858872e+18, 0
1.6075814211864282e+18, 0
1.607581421486969e+18, 512000000.0
1.60758142178751e+18, 512000000.0
1.607581422088051e+18, 0
1.6075814223885919e+18, 0
1.6075814226891328e+18, 34997365.0
1.6075814229896737e+18, 761982066.0
1.6075814232902147e+18, 483129744.0
1.6075814235907556e+18, 35109854.0
1.6075814238912965e+18, 35076231.0
1.6075814241918374e+18, 756667313.0
1.6075814244923784e+18, 756667313.0
1.6075814247929193e+18, 244667313.0
1.6075814250934602e+18, 0
1.6075814253940012e+18, 234690293.0
1.607581425694542e+18, 512000000.0
1.607581425995083e+18, 512000000.0
1.607581426295624e+18, 0
1.6075814265961649e+18, 0
1.6075814268967058e+18, 699778114.0
1.6075814271972467e+18, 455509261.0
1.6075814274977876e+18, 967509261.0
1.6075814277983286e+18, 547117996.0
1.6075814280988695e+18, 0
1.6075814283994104e+18, 0
1.6075814286999514e+18, 0
1.6075814290004923e+18, 512000000.0
1.6075814293010332e+18, 512000000.0
1.6075814296015741e+18, 0
1.607581429902115e+18, 0
1.607581430202656e+18, 0
1.607581430503197e+18, 468036801.0
1.6075814308037379e+18, 468036801.0
1.6075814311042788e+18, 0
1.6075814314048197e+18, 0
1.6075814317053606e+18, 0
1.6075814320059016e+18, 0
1.6075814323064425e+18, 0
1.6075814326069834e+18, 0
1.6075814329075244e+18, 512000000.0
1.6075814332080653e+18, 512000000.0
1.6075814335086062e+18, 512000000.0
1.6075814338091471e+18, 0
1.607581434109688e+18, 0
1.607581434410229e+18, 756111128.0
1.60758143471077e+18, 512000000.0
1.6075814350113108e+18, 512000000.0
1.6075814353118518e+18, 0
1.6075814356123927e+18, 0
1.6075814359129336e+18, 0
1.6075814362134746e+18, 499524635.0
1.6075814365140155e+18, 499524635.0
1.6075814368145564e+18, 4.0
1.6075814371150973e+18, 253186190.0
1.6075814374156383e+18, 253186190.0
1.6075814377161792e+18, 253186190.0
1.6075814380167201e+18, 0
1.607581438317261e+18, 0
1.607581438617802e+18, 0
1.607581438918343e+18, 0
1.6075814392188838e+18, 512000000.0
1.6075814395194248e+18, 512000000.0
1.6075814398199657e+18, 0
1.6075814401205066e+18, 0
1.6075814404210476e+18, 0
1.6075814407215885e+18, 512000000.0
1.6075814410221294e+18, 512000000.0
1.6075814413226703e+18, 0
1.6075814416232113e+18, 0
1.6075814419237522e+18, 465064062.0
1.607581442224293e+18, 465064062.0
1.607581442524834e+18, 465064062.0
1.607581442825375e+18, 4.0
1.607581443125916e+18, 512000000.0
1.6075814434264568e+18, 512000000.0
1.6075814437269978e+18, 0
1.6075814440275387e+18, 0
1.6075814443280796e+18, 512000000.0
1.6075814446286205e+18, 512000000.0
1.6075814449291615e+18, 512000000.0
1.6075814452297024e+18, 512000000.0
1.6075814455302433e+18, 512000000.0
1.6075814458307843e+18, 512000000.0
1.6075814461313252e+18, 0
1.607581446431866e+18, 0
1.607581446732407e+18, 483062873.0
1.607581447032948e+18, 483062873.0
1.607581447333489e+18, 483062873.0
1.6075814476340298e+18, 0
1.6075814479345708e+18, 0
1.6075814482351117e+18, 0
1.6075814485356526e+18, 0
1.6075814488361935e+18, 0
1.6075814491367345e+18, 512000000.0
1.6075814494372754e+18, 512000000.0
1.6075814497378163e+18, 0
1.6075814500383572e+18, 0
1.6075814503388982e+18, 0
1.607581450639439e+18, 512000000.0
1.60758145093998e+18, 512000000.0
1.607581451240521e+18, 0
1.607581451541062e+18, 0
1.6075814518416028e+18, 483394221.0
1.6075814521421437e+18, 483394221.0
1.6075814524426847e+18, 0
1.6075814527432256e+18, 0
1.6075814530437665e+18, 0
1.6075814533443075e+18, 0
1.6075814536448484e+18, 512000000.0
1.6075814539453893e+18, 512000000.0
1.6075814542459302e+18, 0
1.6075814545464712e+18, 0
1.607581454847012e+18, 0
1.607581455147553e+18, 512000000.0
1.607581455448094e+18, 512000000.0
1.607581455748635e+18, 512000000.0
1.6075814560491758e+18, 0
1.6075814563497167e+18, 512000000.0
1.6075814566502577e+18, 512000000.0
1.6075814569507986e+18, 455599537.0
1.6075814572513395e+18, 455599537.0
1.6075814575518804e+18, 0
1.6075814578524214e+18, 512000000.0
1.6075814581529623e+18, 512000000.0
1.6075814584535032e+18, 0
1.6075814587540442e+18, 0
1.607581459054585e+18, 458491873.0
1.607581459355126e+18, 458491873.0
1.607581459655667e+18, 0
1.6075814599562079e+18, 0
1.6075814602567488e+18, 0
1.6075814605572897e+18, 0
1.6075814608578307e+18, 0
1.6075814611583716e+18, 0
1.6075814614589125e+18, 0
1.6075814617594534e+18, 512000000.0
1.6075814620599944e+18, 512000000.0
1.6075814623605353e+18, 512000000.0
1.6075814626610762e+18, 0
1.6075814629616172e+18, 512000000.0
1.607581463262158e+18, 512000000.0
1.607581463562699e+18, 1024000000.0
1.60758146386324e+18, 1024000000.0
1.6075814641637809e+18, 1024000000.0
1.6075814644643218e+18, 0
1.6075814647648627e+18, 0
1.6075814650654036e+18, 466142910.0
1.6075814653659446e+18, 978142910.0
1.6075814656664855e+18, 978142910.0
1.6075814659670264e+18, 512000000.0
1.6075814662675674e+18, 512000000.0
1.6075814665681083e+18, 0
1.6075814668686492e+18, 0
1.6075814671691901e+18, 474789417.0
1.607581467469731e+18, 474789417.0
1.607581467770272e+18, 0
1.607581468070813e+18, 0
1.6075814683713539e+18, 0
1.6075814686718948e+18, 0
1.6075814689724357e+18, 0
1.6075814692729766e+18, 0
1.6075814695735176e+18, 0
1.6075814698740585e+18, 0
1.6075814701745994e+18, 0
1.6075814704751404e+18, 0
1.6075814707756813e+18, 0
1.6075814710762222e+18, 0
1.6075814713767631e+18, 0
1.607581471677304e+18, 0
1.607581471977845e+18, 0
1.607581472278386e+18, 0
1.6075814725789268e+18, 0
1.6075814728794678e+18, 0
1.6075814731800087e+18, 0
1.6075814734805496e+18, 0
1.6075814737810906e+18, 0
1.6075814740816315e+18, 0
1.6075814743821724e+18, 0
1.6075814746827133e+18, 0
1.6075814749832543e+18, 0
1.6075814752837952e+18, 0
1.6075814755843361e+18, 0
1.607581475884877e+18, 0
1.607581476185418e+18, 0
1.607581476485959e+18, 0
1.6075814767864998e+18, 0
1.6075814770870408e+18, 0
1.6075814773875817e+18, 0
1.6075814776881226e+18, 0
1.6075814779886636e+18, 0
1.6075814782892045e+18, 0
1.6075814785897454e+18, 0
1.6075814788902863e+18, 0
1.6075814791908273e+18, 0
1.6075814794913682e+18, 0
1.607581479791909e+18, 0
1.60758148009245e+18, 0
1.607581480392991e+18, 0
1.607581480693532e+18, 0
1.6075814809940728e+18, 0
1.6075814812946138e+18, 0
1.6075814815951547e+18, 0
1.6075814818956956e+18, 0
1.6075814821962365e+18, 0
1.6075814824967775e+18, 0
1.6075814827973184e+18, 1024000000.0
1.6075814830978593e+18, 1024000000.0
1.6075814833984003e+18, 1024000000.0
1.6075814836989412e+18, 512000000.0
1.607581483999482e+18, 512000000.0
1.607581484300023e+18, 512000000.0
1.607581484600564e+18, 512000000.0
1.607581484901105e+18, 1024000000.0
1.6075814852016458e+18, 512000000.0
1.6075814855021868e+18, 1024000000.0
1.6075814858027277e+18, 984600194.0
1.6075814861032686e+18, 984600194.0
1.6075814864038095e+18, 4.0
1.6075814867043505e+18, 512000000.0
1.6075814870048914e+18, 1003266759.0
1.6075814873054323e+18, 1003266759.0
1.6075814876059732e+18, 0
1.6075814879065142e+18, 0
1.607581488207055e+18, 460529420.0
1.607581488507596e+18, 460529420.0
1.607581488808137e+18, 0
1.607581489108678e+18, 0
1.6075814894092188e+18, 0
1.6075814897097597e+18, 0
1.6075814900103007e+18, 0
1.6075814903108416e+18, 0
1.6075814906113825e+18, 0
1.6075814909119235e+18, 0
1.6075814912124644e+18, 0
1.6075814915130053e+18, 0
1.6075814918135462e+18, 0
1.6075814921140872e+18, 0
1.607581492414628e+18, 0
1.607581492715169e+18, 0
1.60758149301571e+18, 0
1.607581493316251e+18, 0
1.6075814936167918e+18, 0
1.6075814939173327e+18, 0
1.6075814942178737e+18, 0
1.6075814945184146e+18, 0
1.6075814948189555e+18, 0
1.6075814951194964e+18, 0
1.6075814954200374e+18, 0
1.6075814957205783e+18, 0
1.6075814960211192e+18, 0
1.6075814963216602e+18, 0
1.607581496622201e+18, 0
1.607581496922742e+18, 0
1.607581497223283e+18, 0
1.6075814975238239e+18, 0
1.6075814978243648e+18, 0
1.6075814981249057e+18, 0
1.6075814984254467e+18, 0
1.6075814987259876e+18, 0
1.6075814990265285e+18, 0
1.6075814993270694e+18, 0
1.6075814996276104e+18, 0
1.6075814999281513e+18, 0
1.6075815002286922e+18, 0
1.6075815005292332e+18, 0
1.607581500829774e+18, 0
1.607581501130315e+18, 0
1.607581501430856e+18, 0
1.6075815017313969e+18, 0
1.6075815020319378e+18, 512000000.0
1.6075815023324787e+18, 512000000.0
1.6075815026330196e+18, 0
1.6075815029335606e+18, 0
1.6075815032341015e+18, 0
1.6075815035346424e+18, 512000000.0
1.6075815038351834e+18, 512000000.0
1.6075815041357243e+18, 0
1.6075815044362652e+18, 0
1.6075815047368061e+18, 0
1.607581505037347e+18, 466053267.0
1.607581505337888e+18, 4.0
